0.000000000000000000e+00 1.000000000000000000e+00
2.853198201184823812e+00 8.000000000000000000e+00
9.497025411660896310e+00 1.500000000000000000e+01
1.119893514529843692e+01 2.800000000000000000e+01
1.622117220759784928e+01 5.200000000000000000e+01
2.223977677286729104e+01 8.200000000000000000e+01
2.390290971478623305e+01 1.130000000000000000e+02
2.823455099142648805e+01 1.620000000000000000e+02
3.447210668922635080e+01 2.240000000000000000e+02
4.255575806752655410e+01 2.980000000000000000e+02
4.505031416443048897e+01 3.630000000000000000e+02
5.153223884358462925e+01 4.370000000000000000e+02
